11222
5940
10182
10973
9091
279
2948
9353
12731
4601
2015
2014
1993
4155
3054
625
9172
5898
12668
7432
6112
7664
11407
8250
2906
6437
1743
10014
6817
7479
4946
10046
8739
6908
7707
8712
8711
4177
10572
9798
10227
7258
11163
6428
7727
4312
4310
4583
11997
3464
5395
5050
8660
5418
5467
8653
1682
12862
2639
1056
12808
11067
7921
1595
6122
1349
1470
9498
5809
9858
11101
866
10257
7726
6481
6457
2957
6710
4049
11926
1273
2453
4526
3770
11083
7076
7097
11081
11084
9682
8037
6841
1326
3921
6879
11082
1570
3613
3608
6903
8368
6967
9857
12350
10894
10359
9908
1457
3029
3150
591
9067
2484
10302
11371
10629
9510
7401
7457
8754
11762
7549
8072
763
1637
11963
9061
5300
1492
9897
10221
3860
1934
2583
832
11370
1420
11369
2427
4666
4669
8303
11384
1065
48
4566
7696
2034
331
1684
3946
3731
6411
1718
12036
6431
6453
3050
5384
5404
5430
5456
5477
5501
931
13146
332
2068
5521
5036
9905
5598
5654
5692
5674
4159
8746
8808
9603
8015
12495
11079
3869
8426
10016
6276
13320
3774
10088
3703
6499
8067
11670
4078
6722
12977
4790
627
4259
726
11289
6936
1338
3212
20
10388
3068
13058
2026
4208
7123
12601
4386
5041
410
9047
7223
2164
1731
5112
1380
8560
1412
1413
7600
12130
12153
8514
3325
5125
10154
5186
3714
8673
1083
12295
5269
1275
4105
13266
2512
4194
5630
2474
12179
769
10040
9351
1916
7404
9768
5680
3829
13113
13195
10119
10209
5745
5725
173
10396
4262
12683
5825
12268
7458
9169
7697
2281
439
5985
6113
570
10980
11424
6196
11427
6214
11428
6261
6234
6308
362
10827
13106
8254
6345
6367
6394
11308
6415
6500
6519
3047
12832
8798
8730
10136
6937
768
6957
12341
11750
13100
12055
7053
10552
3633
12041
7098
13044
4719
8886
3960
7110
12243
3896
3763
1361
2619
4102
4175
4174
8519
10520
9421
7497
2030
2044
13120
3344
1543
7698
867
10458
9028
4924
1907
10372
10383
12611
5405
4735
13220
12314
10438
12031
12476
12529
5599
5620
4384
1377
1438
3575
4642
9065
824
9522
5931
13201
2629
6072
6086
9078
6149
5133
11964
9642
10142
6297
9536
10382
6531
8971
4760
128
10115
1485
1062
6768
12387
11471
12605
8301
5279
351
10557
9399
8603
1009
1007
1704
12388
4586
2598
7319
13013
712
4898
6405
2843
4470
8332
2298
6520
6542
6566
962
6583
6683
9984
2659
6800
9416
12736
8848
2051
10017
1477
12251
11579
9127
9336
3216
12907
7320
12854
7459
9394
11592
3848
8322
2742
1646
7699
9152
5270
5288
5317
8641
5340
12373
11353
476
429
12785
144
11031
11313
9335
3459
437
11465
12871
9426
1908
7700
11869
249
553
8609
1069
7960
3947
8027
3948
3945
3944
2339
3717
3888
4534
3783
2773
3759
6987
7511
7027
7157
674
9953
3823
12628
7259
12754
8330
3475
11118
11621
9186
12086
2958
11109
1690
11746
8549
13105
2104
10075
9842
5717
12122
13183
10518
2803
10598
5996
13094
11344
6073
8737
11194
228
12433
3104
3733
6759
1324
10864
672
8600
11983
9728
6915
9326
11915
3814
1429
2326
4411
12311
9945
11309
11645
8619
423
4729
1383
2741
2230
10478
1107
12381
4443
1135
9098
10398
4110
1332
2716
12693
8985
10567
8473
5074
10540
8503
3973
12438
3970
5134
4285
5439
5240
5261
4680
12209
11946
3185
922
923
1134
639
10200
10400
955
5977
2090
1061
10713
10657
10071
12097
1819
9401
9457
1792
12702
9204
3862
3592
4046
7701
9387
11813
9583
8178
4122
1066
9430
1482
2546
3630
1779
8960
11700
9628
12075
3941
4538
730
11934
12535
5613
315
5631
13185
7702
5856
4341
5899
11422
8742
7703
2354
190
4894
927
6309
6331
12303
6353
253
13036
2061
2386
10350
1781
8723
8927
3023
11292
1084
11965
9937
13116
2498
879
1063
7224
366
8569
2361
7565
1376
4247
5113
12386
5222
13224
2325
12976
4258
7961
11469
4901
4463
787
9221
5987
13054
2847
3151
13064
207
1329
2300
1319
1678
1676
1677
739
844
881
8618
12667
12834
7704
918
1344
314
10637
10381
2840
11872
2367
11298
8611
4786
7566
10638
9892
9968
1381
9974
231
5290
5271
5318
9715
11505
11504
7705
4082
10411
10621
837
6638
5633
5614
11654
5681
5037
4983
2883
4496
8209
11807
1179
7962
47
4414
6167
3834
7706
8258
1390
8345
4639
6760
6669
6694
6723
10556
6787
876
11783
4322
6929
3234
8535
11854
600
7236
10117
10632
2197
520
9575
12652
882
12655
11028
8821
2671
11909
10037
10961
9636
9637
4540
6871
5735
10273
551
9840
9432
4507
12811
11545
10711
6024
3141
759
13067
6203
6123
10105
1075
7925
12637
13184
6298
2890
845
8266
7111
4815
2590
2065
5433
1659
7361
7384
5095
8863
8391
4604
10344
1505
3125
1064
3227
1067
1518
9131
5786
4373
5911
4378
5957
9390
435
12971
1590
559
4967
10243
9627
12612
12115
12679
5578
4289
3263
9150
3313
5958
9062
284
8584
10719
4
5
8355
3
9551
9552
8381
1588
1407
2129
1484
4633
12014
12882
9087
4097
9288
1750
112
4209
6979
1998
10349
1574
4724
3616
12477
2786
690
10368
9824
8230
1869
9792
7963
13355
5084
2982
1826
1400
10521
3793
1552
6026
4469
12583
2831
8053
4628
8063
2103
11938
11894
1068
3851
6724
6788
12065
7407
11666
12999
3495
735
9048
4550
11246
11701
12541
12958
10061
11892
5440
3801
10474
3920
9135
5502
3357
8286
3693
3786
1078
10084
6075
706
8356
11327
1406
1748
7708
12334
791
790
7622
543
12810
1203
4139
6916
7041
7020
7001
6980
6959
6939
8311
3452
7112
5001
13153
2550
10423
4529
3729
7709
3690
4190
13014
914
7106
7710
1079
1559
1558
1496
679
2932
11317
1072
9263
707
8672
2537
12067
12214
12647
2036
11798
1969
5704
2291
1080
3256
12038
9230
12445
4794
12337
3680
12155
68
4938
6567
11097
3013
13149
1715
9442
9198
13340
7078
7099
321
7135
1419
7201
7225
7247
831
1577
4114
8975
5096
4537
11198
12523
3817
7711
5223
5212
10399
9967
9850
55
12005
12382
7712
1082
8107
7713
1557
13314
1081
6076
6087
6106
2822
6119
6134
10253
577
9378
6467
6487
6544
6568
6584
2825
585
2097
8630
3416
2287
8824
10613
2066
1562
10091
2594
3648
8363
4191
13226
7615
1556
10338
1549
4141
217
1584
10050
7408
848
109
3550
3551
9766
7568
4066
5192
10089
1768
12908
5256
5273
1336
8696
5373
5396
5419
4816
5468
5490
3476
5543
5565
5587
10806
5796
4986
5838
10807
7714
4769
10571
41
4048
10962
7460
9358
6120
6135
6180
6223
12839
7715
8728
8638
2183
1074
1776
12378
6761
6779
6825
6846
6918
6941
9086
7088
5491
5510
5534
5553
8647
8846
4336
3398
500
2233
163
175
5775
5797
5880
9039
8328
12833
1131
797
6181
3753
1841
1846
12198
10981
6447
4075
6662
8827
4846
11954
1073
7277
4104
7964
3456
11632
4326
725
11463
8865
5450
5471
5610
10601
1854
10924
5721
5741
5772
11148
2523
8800
1738
1838
5854
11252
3954
10732
9879
12632
2559
2618
4413
4407
2856
2886
10315
945
4695
11201
778
4142
9690
6809
2556
6925
6974
796
3067
8950
7119
10731
10197
1152
13270
12791
6676
52
12154
12379
12720
11420
9726
13005
9144
9934
7716
1425
12711
2092
5794
11247
5981
4043
10891
9761
259
12518
7717
4089
6193
6211
8709
8708
1087
4465
3369
2678
9119
8393
8392
6810
6388
6444
6464
1395
9448
2334
6749
12865
6829
6902
6926
852
7147
7130
7166
7184
8623
7254
7298
9532
6927
11764
11978
2617
2199
13088
4677
10277
4811
1088
4824
12339
6348
2447
11985
3560
1085
8185
5960
9331
4167
6060
6032
6084
6101
6194
6164
6272
10051
6327
9701
9742
8200
13230
2713
4611
497
105
10204
6912
10327
7132
6952
9827
11564
8485
11563
1900
7390
7527
10872
2702
8421
1086
11212
8409
5266
3708
9846
10113
10892
1658
11007
10498
5732
863
9215
10634
5773
10563
12692
2154
5843
3887
3777
6389
462
13344
12329
96
907
3252
9870
624
634
4913
5995
8806
3114
3583
5862
7209
3508
3667
9469
10469
12080
2689
7427
7444
12385
12233
10266
5398
3342
8881
7918
550
5951
8033
8622
1829
13077
6124
6197
11241
3687
12056
6368
4352
6396
10038
6696
11876
3877
7114
9252
7136
7149
7169
10236
7187
8953
613
610
611
3832
13086
1592
13145
2396
647
306
5102
9564
648
5193
2108
6262
7718
11236
5350
10170
11817
9966
7965
10666
9833
10820
11501
12677
2201
9224
9223
3907
9456
3411
3404
3407
695
12745
1893
12965
12275
4216
1926
12797
8601
4520
7719
2730
10641
239
8219
1791
9269
9710
9302
12045
6332
10761
2067
10659
6448
8418
4165
4164
4170
4169
4161
4162
11499
6684
11495
8598
12308
6853
6875
6896
6919
6942
6960
8867
12167
1077
3244
7160
9099
1076
12880
7286
8144
11801
7373
7490
11464
11907
3480
7553
10514
2646
11217
11105
11643
1739
12809
1597
5341
10537
5406
3460
3089
717
12150
12253
2308
218
3778
4673
2171
9679
8140
2925
2933
8495
698
12675
8999
5965
4273
5998
1955
1956
10437
1387
4206
403
567
11644
8663
6502
4926
58
4751
2997
526
2682
5492
5544
11278
8572
2851
4453
1071
8571
12483
3221
4309
9060
12389
2
9659
13241
1877
12239
5360
12718
3698
6336
2516
11295
11845
3126
4245
10524
8478
6864
6884
9554
7966
4031
12780
2487
2624
1835
43
3697
12160
2303
3659
7150
3658
7170
8675
5160
5018
5588
5663
11519
5767
5788
7248
5004
5839
6887
6469
11520
5916
5966
5980
11515
6036
6053
6125
6151
11724
6182
6663
9116
10578
6854
10785
10095
5892
2658
11274
10995
7061
7107
8964
3158
1860
4271
7720
4788
12770
1983
5342
12042
5361
5387
5407
5493
4593
4597
9866
2416
9034
2256
5846
4607
7337
9670
4859
5100
5182
5199
5313
5337
6037
9667
6569
7601
12108
2407
5135
5161
5213
5224
9664
5320
5061
5343
5362
5478
5503
5522
5545
5566
9479
9669
4713
11903
2736
12979
9042
1070
4498
2385
303
12413
7721
2841
2480
2788
1447
4656
6522
12588
6546
9418
4541
3803
11354
1932
3041
11695
11245
13176
2019
4703
8289
4481
8245
2870
4067
11896
8540
4315
10559
10605
2226
3292
1312
11152
9828
10604
4635
11726
8654
8112
5432
5511
5535
2429
5554
10741
5579
5601
5682
2974
11133
4234
5759
5746
12985
5876
744
9162
1818
12937
12191
12491
11343
8862
3321
6523
1935
4739
9213
11863
7722
3330
6885
12776
12569
6835
10087
6990
7010
3073
335
11533
10661
11140
1515
7260
11697
1465
2294
9080
7512
7528
7545
10647
7569
7585
11822
4588
5175
9756
5194
9038
9037
930
3346
780
4060
7723
12866
5408
3961
8665
4361
12751
11481
5555
8935
11449
10079
3273
9597
3274
1671
9759
7724
5952
4797
8909
3809
10549
12829
6152
3675
12975
1653
10796
746
9437
8918
2972
6801
11675
1110
8633
12406
10946
11178
7042
7202
3229
2674
13204
11265
7519
4691
13096
9040
4118
2100
5087
3553
3548
13250
10317
8813
9630
1689
10770
535
3198
5420
10619
13174
5523
5546
5567
1060
2324
2915
4454
688
9304
2173
5747
11413
11524
2748
342
2181
12920
3819
6126
8678
6153
19
4369
8873
3748
6299
9730
2611
2311
6439
8771
8770
8778
8780
12272
884
6595
13114
1058
4528
388
6961
12572
9815
547
1920
6948
6970
1498
8377
8916
1708
3095
11142
2780
368
3372
8831
3712
9602
3905
7725
8533
1057
4543
1002
1491
11419
8923
5748
3137
5828
5847
5864
5881
5917
1777
9050
3300
9299
12705
3772
2157
10452
6205
12280
3384
10282
6468
8523
3026
10193
10445
9675
418
1504
2431
11976
1499
9867
5118
1059
5195
5241
9467
9072
3394
5421
12847
4448
337
9137
4233
10895
504
9586
3503
9014
1370
99
12597
3824
8277
997
10235
6300
6319
13057
12878
10749
9501
11838
3504
11136
7287
3195
10464
1154
9176
10769
10053
4388
9810
8100
11507
11543
1778
6346
623
247
12390
7331
11784
5602
13318
7920
1599
8416
11541
10986
7276
3031
503
3536
6062
199
3535
6108
12914
11056
9238
13165
4370
3925
1452
9454
8082
4084
3557
3826
517
13061
13069
7137
11576
4343
349
12368
7433
8989
7450
7482
10343
1446
12404
11147
4581
4612
12062
1514
3538
4980
5603
2073
3455
5694
2138
12911
9957
2428
7769
5967
8968
9558
11326
6109
13087
6127
6154
6183
2122
13011
7985
7614
11016
2912
149
6429
6449
13110
6586
2098
10695
10218
3435
8753
13102
142
7350
6347
2533
9650
7593
4226
5020
10580
11230
5176
10790
4776
5257
9285
8788
12747
2473
5306
5331
5352
10380
5031
9090
13017
12915
5441
13254
2413
5708
5726
4683
187
5912
9799
9917
5959
4963
4598
5999
6027
3559
1533
2069
2169
6215
9617
6235
6263
6286
9361
4300
2814
4578
530
13211
6780
6818
6548
13288
11932
4533
7351
8926
8415
7409
809
12972
8820
594
8745
10436
7770
90
65
9757
7771
480
5479
3418
9008
5644
5664
3695
5019
2784
10284
536
4521
9542
5029
6640
593
6097
9909
4830
11668
1981
6333
2475
8756
6547
9146
6570
10011
4836
984
584
9379
1330
11434
7986
8181
7772
8183
7773
11818
10355
11811
12912
12524
2167
10907
10332
7309
3030
4296
7461
3010
9271
92
2085
35
36
10923
11362
157
11753
11837
13322
5589
5645
11835
1168
1837
1644
3381
310
4641
398
3468
7774
9783
2984
1651
6458
3903
1453
1342
6641
3621
7775
868
6746
6789
1945
1394
11177
7030
10161
631
9743
2607
11342
7396
7414
11229
7434
7451
102
11986
649
1055
1953
10823
7594
3567
4086
4879
9443
5274
5293
9128
9831
12193
5108
12264
7608
12970
5524
11003
582
5580
5604
2887
2381
254
8555
4283
5933
8293
975
265
266
6038
6081
281
11601
3873
12685
3207
12687
6416
12315
8357
4308
7776
11662
8208
11660
6650
1615
10530
7777
6769
4182
12444
2977
4626
3670
4127
12493
1449
1167
11848
7151
9328
4996
7188
8819
2375
9519
7261
1164
9327
7462
7502
4855
7570
11600
5076
11266
5422
3996
3931
12026
4339
2063
12532
1775
10271
13047
11026
3259
1977
960
412
7115
7138
3445
9555
10651
2271
9965
12043
7520
7536
10971
4400
2676
10463
4358
11187
2796
13284
5388
12726
12725
9236
5760
9333
12190
10533
12449
9209
9557
5918
8280
9160
11457
5942
6136
6169
1878
774
6301
10589
12165
3420
11878
9515
3661
1885
1884
1883
2609
1906
1160
12452
8643
63
434
11588
6827
3043
10836
13331
1166
8578
11206
1372
1967
9902
7503
715
9161
5043
2033
7987
111
2479
80
9310
5457
12265
872
12453
1539
1541
13084
3379
1542
11475
10945
4687
5919
12288
1616
13206
12172
4558
4515
6098
6114
2148
12790
12512
1509
6629
2703
6697
9029
7546
12245
11359
6790
1538
3564
2088
7778
3155
12755
1824
7218
9707
7239
603
5097
11814
2296
12516
8749
11823
2817
11168
12698
5810
5829
3686
7779
2746
455
432
4503
2665
11112
3911
6310
12069
2538
9322
1202
902
830
7780
9714
10149
7062
1451
9181
4297
3637
8300
12018
371
12941
10098
1165
4931
10499
1643
1272
6128
4211
6155
6184
3574
6225
6250
6277
7781
1163
8842
3893
11843
892
12923
4676
2692
4984
11069
12478
5285
1922
2168
2923
9737
5573
10511
191
7782
4129
4131
12436
4076
4508
9201
5795
11286
12555
935
12484
11496
6175
1941
12164
10620
212
10565
7783
6613
12701
10190
4392
2137
9189
750
10951
7185
7199
7221
4487
3665
8869
2292
9363
6206
6226
6251
10237
11653
1655
2626
6408
8480
4091
6459
6483
6549
6587
6571
6607
10758
2351
4457
12481
4555
11258
10517
7139
7180
10773
1587
7344
7397
7415
4338
2572
7463
8990
3602
758
8686
11861
7529
1365
3107
9423
9587
3516
12044
9819
8688
2654
3949
1161
12298
5811
8123
2751
4909
11941
8371
7988
12142
6287
7021
4973
9468
7063
11406
7784
2661
12699
899
2564
10726
11785
10887
7435
7452
8336
7483
7504
2927
7116
9360
7555
3128
8344
10157
10855
1672
5126
5147
2641
10261
1162
11330
5458
12670
919
10729
9330
2593
4267
2904
5819
5865
3598
5934
5988
5971
8994
6156
11129
9549
9548
11130
11131
12943
4468
841
8458
9851
13190
12401
4535
9877
10764
1627
6981
8487
1241
2554
1632
7571
7586
5119
5136
5162
1635
5225
5242
1619
5294
5332
5353
1621
1624
5823
6445
6495
6515
817
8995
5047
13309
8446
3161
6756
6776
6796
396
2955
2954
7034
12552
7109
2463
2151
2263
416
7230
7305
10813
8450
7989
10976
1545
3014
5208
5252
11088
5278
8930
4820
192
8121
9606
5611
9377
5844
25
5945
12968
13338
1169
4145
3254
2317
3734
1927
4850
6537
6516
6562
8134
6634
6704
6677
12954
6953
6975
6998
3247
10856
7073
3433
4214
1176
1299
2811
7167
10365
7210
8794
7268
9658
13325
1771
11041
1450
11473
4887
12129
1863
8228
8843
9142
4276
5219
4275
5236
8163
4274
5323
431
3436
3397
2756
2147
5701
12260
8945
7990
5782
282
6095
1175
7785
12133
4239
2866
11882
6219
9343
6280
11068
6400
4279
3576
9620
11001
8271
3086
3601
12104
3448
8482
13263
6797
13297
6928
12594
13142
13286
1888
1889
3088
1159
2193
1047
3163
7447
9173
8695
1422
7533
7516
7550
5080
11625
10918
1560
2519
5315
4979
12391
6273
5497
2561
5651
5688
5670
5706
5723
6305
5742
1625
5783
5804
1633
8486
8488
10802
1156
1155
5882
1702
11074
10362
1709
11707
241
1808
4198
3609
6334
3066
6737
6982
6962
7022
7043
484
12885
10446
10178
10501
12688
405
9143
7352
7374
11629
10433
7786
8275
4661
541
5243
4888
2809
8077
5423
2434
6157
12168
8106
6264
8987
9022
8235
2767
11549
9113
8576
6417
198
13121
1874
1976
12184
10809
3738
2869
62
8615
7787
6991
3467
7011
10564
1314
1158
10728
9306
413
4663
12640
9517
5109
4020
7991
7788
5409
13300
5755
11774
11999
4439
5768
507
1801
8065
1626
4939
5989
6013
6039
6054
6077
2555
2563
2562
793
1994
6288
12521
6440
10755
8556
3081
7789
6685
4610
1157
662
9280
6812
2570
8441
4860
7790
10231
8502
7240
12742
7791
7353
11573
1286
7513
11595
9684
5244
5226
11793
2993
10560
5434
9305
7792
9494
742
10676
12077
8117
8838
5675
5695
5709
5727
7793
4896
12358
7794
12174
6803
9949
1746
11046
7992
6158
6185
4199
6828
2960
6355
12765
11038
9372
12457
6441
1310
6507
10444
8648
1753
6555
1875
652
9233
3525
12661
13134
4851
7044
8636
8679
869
2224
7090
590
8900
9722
2490
12543
2070
204
1171
8958
12899
6886
11184
1290
10158
1997
2121
521
2016
10208
1287
5275
5295
11904
11511
5424
9105
12514
4658
13090
2919
5696
8874
5789
12567
4382
12128
1174
10850
10616
11832
12743
5883
12359
8337
4347
3493
9859
2078
3980
7012
6129
6159
13222
9790
6311
6369
8084
9929
7046
3004
4184
6574
4950
6686
11859
3917
8860
12471
6781
6802
13148
7152
6836
13315
6931
9582
8851
2938
7045
2937
4197
1770
11603
7189
7203
7204
10509
11484
8298
4972
1307
7765
1306
733
13079
3100
1895
7410
7428
8773
10730
11490
9525
9083
1339
7537
7581
12355
9147
12346
9545
11373
5262
10925
5280
5307
5333
5354
5374
1173
5425
5442
3109
12357
9749
1623
3505
10489
10763
4530
2875
2540
7623
4236
1522
5935
9981
1170
6014
12817
10329
6099
11035
2038
6115
8895
4678
8468
1172
10082
5051
9225
5635
4433
11847
9527
5683
12927
5728
10678
3180
11664
10776
5857
420
9568
13140
5026
6040
7064
3742
9084
7091
12760
9461
775
737
3386
11355
2283
10721
2302
2542
8260
5062
6642
13228
6671
9556
73
6943
384
6983
10901
2717
2762
4890
12530
9407
2632
11937
7595
4437
5114
5330
5163
2115
5258
12580
5512
2719
12872
10483
11396
5494
8539
4900
10955
12402
1974
8372
9296
2791
11996
2558
2365
1940
8836
8893
11593
7241
3854
7262
7768
4828
7323
13238
2368
5164
664
13035
3173
449
3108
3206
5495
5469
12356
5513
10756
12024
8931
5646
11739
4479
9374
7984
5710
5729
3106
5769
5790
5812
4857
8963
4954
5893
3075
620
196
6227
2683
3930
4430
8288
12360
9838
12159
13050
9120
6556
11794
6575
6596
6617
13219
8715
8717
6585
4473
6865
2988
7983
1948
8041
5030
12522
4891
10345
7332
7354
7375
2357
11448
3699
10353
7602
12598
5103
803
514
5296
10288
5375
8338
5443
7767
12447
4904
10709
6312
13180
7766
8429
11025
7556
1502
1437
11551
10041
2673
5321
5344
1500
12948
3121
5568
5616
5590
5636
840
9609
10627
10395
9787
4547
7795
12846
13095
6000
6888
6228
10914
2772
11731
1191
150
10313
7079
630
12470
967
376
3144
13181
7385
13302
7363
1591
7484
9643
13108
9997
7505
10503
1184
11337
10724
10408
57
4602
7796
9573
4590
10347
2174
13085
5214
5776
7797
3272
4559
9540
5077
9365
3354
5148
4738
5177
2697
1368
3438
1367
4698
4692
5514
5581
7800
5749
339
1190
3021
13007
11689
2816
8875
4417
8878
3162
6089
3318
1978
6207
783
7799
12297
6313
2696
12988
12781
12945
9773
8083
244
11138
11322
6791
11722
8550
6876
6897
6949
6971
4956
2879
7798
7013
1054
10177
9972
490
10250
7249
871
9692
7278
7562
1605
7666
4320
1124
12022
4281
5106
11735
5220
5237
5259
956
5347
5368
4329
1187
8736
11574
7665
5428
9591
1182
9956
9954
12392
3850
8687
895
3208
8306
1544
11058
10073
2623
2125
1186
11613
10886
2566
2127
11949
2128
1185
126
12618
12651
10063
9794
2801
8864
11492
4985
687
3988
3430
5034
8802
562
11640
8417
3660
1183
1760
8505
1100
5013
9626
4762
5253
89
3839
4716
12352
2832
11760
2778
4693
1897
12997
1898
2349
3169
12461
1369
1373
11925
7801
2420
941
285
8614
3929
2585
8444
8456
6390
10456
925
2837
11390
6474
8342
12161
10890
6603
11677
3651
8133
2878
12826
4449
4422
1687
10361
11569
10256
7103
7120
10875
383
12888
12025
819
671
5060
9170
12320
10172
2569
4235
8231
11389
4804
10614
12506
10612
4395
3924
11139
11967
8852
12527
12758
10264
4483
7802
2770
8155
2012
4393
8891
3841
6281
6306
6328
6391
6433
6413
12177
9986
2612
54
8269
6717
10131
11438
1356
11262
11261
6999
11742
10224
2805
7074
10704
9872
7211
11624
7231
8497
12642
1345
7803
10140
4853
9952
3303
937
10568
7402
7467
7804
11454
11918
7576
8248
8795
2252
4580
4419
4420
5498
4423
1199
3580
4892
959
13215
8515
5757
1464
3365
16
1259
11405
11379
4902
7805
12353
8837
6475
6505
6563
12903
6659
6646
8856
10899
7806
10057
13097
12216
2440
40
13272
10548
8324
7068
12629
885
13122
1607
3099
2208
9063
2705
3885
11874
12916
4949
3211
2074
5183
5260
8198
5301
5324
11910
10230
10414
11394
11673
8553
5640
11744
276
5816
1914
12148
11570
4572
2667
5956
2011
10184
1180
229
1089
13264
11039
1701
6830
9971
6783
6767
7807
8398
2902
13019
9488
10682
3740
3278
1782
7327
7306
8207
7379
10938
8928
7448
138
3881
4730
2647
2864
3683
9217
8350
3624
5085
776
12052
3527
574
12441
7808
4266
5707
5724
12016
11414
4415
5908
7993
9688
8174
8394
6201
11255
4880
6293
2419
12599
8029
1181
2911
10707
6476
10462
129
9422
33
12001
12819
6690
3439
9803
1931
268
1374
1095
12622
617
12548
1092
3627
10297
7292
2969
2441
7380
1200
12998
7508
12181
11557
5356
7613
2259
3333
4570
8758
12656
12094
3233
10742
10871
942
11170
8690
11980
6758
9711
4970
6798
10413
9571
9622
260
8412
7994
9993
11331
4128
10029
88
11626
3291
11160
11879
12874
2834
3171
11239
3769
10447
1192
11891
5462
10969
12867
6118
11984
13175
10125
9431
8259
5595
10145
6655
4328
9982
8903
304
13152
10739
1264
1266
2873
11951
8967
12913
3183
8929
10672
5070
9496
4242
1901
10982
12199
12147
9298
8079
5575
5594
5652
569
1198
13199
5914
11617
11955
11115
12680
12307
2616
11977
2924
12003
10898
8093
1201
9820
9791
288
3950
7104
3679
12957
9258
7809
7212
7232
7255
7284
1815
12691
3890
1258
10633
1469
9216
4523
7810
9780
5355
12396
5415
4868
4103
7811
3078
6069
9723
6133
280
8956
3861
328
6635
11181
11383
12059
12087
6680
6707
2922
4999
10860
1263
12922
11981
11982
11886
5480
2140
2790
2792
8536
5684
309
2808
8048
5877
12317
10957
4654
1196
533
4662
4809
6278
10379
12183
7812
6608
1194
4492
2638
10760
10902
1694
7181
12559
9109
7279
7295
3875
12472
9232
12525
7310
7364
7386
7416
7436
1876
7474
11561
2940
9930
11119
4042
7572
7587
3546
1262
5227
5245
5263
5281
8380
3027
8506
640
1712
4961
5685
11412
9438
3643
2290
5972
10818
5990
10658
3720
13350
7813
10930
3062
2560
9385
3332
6687
6711
6738
6754
4027
3871
6932
8453
6992
7014
7065
7080
4664
12672
13052
3380
12503
7311
10642
4548
11300
10829
357
1647
11328
2320
1195
1603
12974
3251
311
13154
10126
1553
5481
11141
592
3322
6078
4657
11610
9530
11071
11008
11619
9758
864
1197
1561
10419
289
6770
683
10194
6944
6963
10206
6984
10085
7002
4757
3844
7023
7047
3754
7066
637
11251
7196
7250
12855
10028
2001
1261
7387
3159
7514
7557
7582
5078
8785
4622
9133
5196
3707
5246
5297
3246
12775
3375
5389
5410
5435
8389
5547
5582
5637
2826
5686
8414
798
3547
1405
8521
425
12732
3415
3414
10020
6265
10799
6397
6418
1912
11663
6488
9508
10534
11402
1260
6588
13269
1732
4065
6725
6747
4908
11948
11602
9388
6898
7995
6920
12066
6945
4509
8828
2198
11577
7398
8522
9811
2522
12722
12467
4085
5228
5247
3070
5264
839
12650
2752
11203
4694
6889
5504
3967
9844
4260
5676
5737
4063
5770
5791
4201
9013
11096
5830
3255
12330
1938
6001
6028
1550
11311
6170
8924
2337
4431
6379
10720
656
8714
8716
9473
6762
782
11534
1265
2987
1971
1944
4777
805
7140
7153
7171
7190
7205
7226
2688
7814
4907
4910
9841
10351
4737
7437
4472
7547
10211
10440
799
13289
865
2565
1947
898
3964
3523
3867
3101
5591
5638
12211
8750
8270
7815
5936
3483
5973
2753
3485
3186
7618
3791
7610
3790
12283
261
8510
385
4957
2113
7521
9023
4367
554
1861
2435
2860
1289
3168
5298
2961
5322
11220
108
2994
5459
12305
5482
5505
11596
12482
5697
10403
9033
6082
12616
12519
10740
10877
1975
6320
6337
11646
6356
6380
1881
10757
7816
4553
8481
6104
621
155
6145
13139
6176
11995
3741
4592
6282
10888
6401
6422
4006
6465
9279
738
9739
4390
6718
6743
1189
10810
2628
3737
8234
7156
12531
7177
7194
3105
7299
9079
2323
7368
7391
8966
7468
3074
7475
12953
4434
10617
9382
5184
5217
5201
7817
13003
8469
5518
11034
10392
7818
10698
7213
5641
5689
4021
3499
1188
493
12107
5716
5734
5751
5764
5784
4620
665
12764
8594
7819
8122
3262
12463
4327
13295
6496
4108
9350
10135
12322
1334
4852
2501
2571
661
4577
10427
3846
2842
10346
8139
10989
9651
1468
10988
4424
9534
1463
7476
2684
193
10390
9104
6823
6843
13285
2757
3164
3383
2918
4237
3957
4556
8884
10283
10819
11656
9907
13089
3431
8921
12101
3006
888
5157
4915
3465
3197
3424
3423
3427
3426
12515
2677
9616
8500
4157
9928
12143
12145
2077
7996
10687
1995
1610
11916
10926
1853
2793
10602
2219
12110
3674
12408
1565
9491
1193
6844
6860
7036
3019
6639
4688
8883
7823
8710
4041
3904
3713
4994
6186
512
9487
13124
11825
10933
6609
5777
6630
2681
2998
6698
2645
6726
4119
604
7822
2225
7821
8227
4314
12070
10448
286
853
12869
13210
9460
2853
5569
8624
12589
1851
8213
9845
9433
3341
10265
10003
293
113
4301
13251
9251
8527
3323
12134
2432
3502
5866
4068
4153
8246
7824
10006
271
11470
6470
4609
13008
2509
6524
3338
10526
8479
6576
4030
6597
6618
3657
3656
6727
9843
4011
6137
2971
2970
8805
2331
11500
3243
8422
3673
4061
566
10590
7825
13242
3220
2934
8494
700
2131
12560
12422
9666
5738
5718
2406
5756
5831
5848
7826
5968
6015
6055
6041
6079
4624
2257
8154
1766
6450
498
6349
6381
3880
4960
10094
6672
6699
7827
11202
3968
6508
946
3072
4974
7828
1830
12510
7092
7172
11518
7206
7227
7251
11651
7280
7296
3413
3402
3408
1892
10278
1843
7829
7830
11725
5460
10097
10064
5007
7831
5605
1724
7997
7832
7833
4440
6236
4600
10883
8176
6577
6557
8920
2973
568
7054
7834
7835
1762
7836
7837
7081
7838
12830
7839
11303
4551
8650
37
12813
13200
7596
5068
4799
757
743
9807
367
12571
333
7840
2312
1371
9589
8655
1780
363
12292
120
9446
7841
1960
1961
680
12951
7842
12895
8195
3395
11536
6252
6314
4962
9464
4864
11816
12185
3747
6748
6782
8512
2172
709
10847
11111
9237
2190
6819
9816
4518
8220
1982
3045
10708
4168
9359
1215
10752
12046
9638
12919
7617
3962
1593
8912
8911
8379
5334
8202
5390
4095
7843
238
3285
3284
7015
7117
7031
4870
11516
12230
4506
4958
11167
5901
8064
10004
3213
4806
8243
10584
6289
6237
6266
8423
3820
3822
643
12102
2162
6728
6847
9729
3585
3746
6921
3044
12282
10932
2882
7126
3297
1214
10528
7333
7355
3359
7376
9058
9329
1212
8445
7603
5165
5137
5308
4613
2021
5363
12227
5391
5411
5461
11712
5556
5705
5687
5665
447
2347
9593
11
5953
8583
1210
1828
9159
11215
1424
6338
6357
6382
6409
6430
6451
8127
6489
6509
6532
6558
9662
6578
6598
6619
6664
6688
6712
6755
6739
6804
6837
6820
9665
11483
7003
7055
2737
9041
10449
11150
8612
8378
11021
1850
7844
12047
10762
13274
4154
5149
4217
12850
5309
3393
11538
5548
3927
377
51
9544
4905
11528
13324
8319
6063
11279
10096
12631
2657
12312
528
9341
6253
6321
6339
6358
4837
2295
8244
11207
3000
9782
3190
12286
523
3241
7100
1217
11004
1657
2110
4230
11325
4238
4052
5098
7845
8597
4682
9817
9834
10608
10164
10393
3802
3328
8834
1910
2185
3908
2989
3723
6138
6171
11581
8782
3036
3750
691
11539
4010
9490
11061
1951
275
10843
6700
6729
4715
3845
11186
4929
9612
2423
6910
3539
291
12054
8047
9315
3792
4231
564
10100
12132
4940
8661
11990
12777
11608
11361
8066
5248
118
1442
1401
4265
2794
11866
1211
10931
4207
4964
13076
2304
9466
5525
5506
4987
5849
5867
5884
5902
5943
5920
245
9158
6029
6045
6064
3447
6160
3442
11024
8099
6279
4992
8692
6359
1706
4009
3584
5002
6559
6763
3666
6651
12993
632
11687
12904
5025
8905
2819
2855
516
6964
12827
3391
896
9614
444
3226
897
10543
10233
9924
11672
4627
237
10360
8425
538
4759
11064
10994
12285
3984
4014
3017
7846
262
6335
9246
1667
12986
10138
5023
5858
5903
5954
8233
5496
12119
4134
10065
10639
11759
3994
11702
2596
12420
6610
2858
6805
1844
11183
1526
11106
11242
7207
10991
11033
10921
8791
11456
3479
9309
5299
174
2010
407
319
243
10554
4186
4187
7847
5698
2824
5711
5761
1686
12375
12374
12376
11906
11908
6121
6139
4827
6198
6216
6238
3138
6267
422
6340
6322
11723
11680
825
1723
4173
4171
4514
7056
12568
829
2914
451
10416
12418
9117
10201
7445
8359
10851
9719
2936
12860
9026
11959
11063
8566
10281
9124
7052
9125
12782
5072
615
7270
1352
7403
390
4685
1209
345
458
5144
5122
9919
2789
2754
2687
8257
1402
1440
9747
904
12799
5015
10523
12610
5678
2723
5702
203
202
1216
12558
8933
5938
2267
2471
3838
7928
2764
6256
6283
10175
810
11436
9196
8387
12724
1812
9210
857
1441
9745
11634
7214
12231
2991
2222
2926
7315
7339
8922
3135
7477
3331
7998
9683
3240
8068
8934
9733
11486
8919
12938
13203
2675
3223
7848
12682
11179
2426
4532
8218
10110
18
4519
1698
2903
6146
9272
9709
1862
12293
6284
4467
4585
6329
9731
4826
3796
1763
4796
3257
10997
10550
7849
12856
6814
11678
8290
2310
2182
9458
3347
11275
12116
12689
1891
9202
2003
697
8125
3403
5370
3401
3409
5530
3628
3825
13125
4452
5805
3779
745
11231
11397
12331
9854
4752
12769
481
9380
6330
5485
10585
4899
10702
7122
9755
12734
1218
4748
10646
12287
2963
12229
4596
7563
12027
9809
7598
10628
1208
4522
8061
2568
513
5499
5210
5473
5519
5560
5612
5625
5653
9668
5845
4937
5879
5896
5915
11839
12033
1510
10595
6049
11076
11401
380
9861
11104
4732
1460
11627
7850
2397
10108
6681
7851
4978
3678
6784
4403
9572
6831
11513
6870
6893
4702
9089
3028
10412
4707
12015
7307
10251
3230
1571
950
3160
1431
1108
2023
5086
6410
5130
5158
5185
5202
916
9245
10443
5371
4023
5538
13299
5561
12989
11388
9538
5642
13167
9371
11883
8888
2232
11850
2893
2892
2083
7852
4333
13039
6061
10167
8385
8135
4482
6479
6497
12030
3775
6551
11636
234
71
11218
4073
107
8568
6905
3711
2048
11630
7853
224
5014
7037
7075
7059
8268
2520
3922
10670
1213
4074
3765
9286
8591
200
11205
5174
5190
3039
10793
7854
13236
5576
8951
10060
9074
5679
7855
7856
5835
13043
8940
13041
5928
4726
3236
5983
6010
6034
6050
6071
11989
12273
7857
11276
3076
6220
6248
6275
9239
12879
8362
6376
2133
6402
11714
10781
6604
6647
3238
693
11797
10062
4195
1589
5660
3311
7858
7859
2706
10833
11897
5836
5855
5874
5890
5909
2145
5927
5984
6011
222
11558
10789
9599
8472
10371
3134
10254
6581
7860
11453
6734
6750
1207
8667
755
3522
6881
160
343
2695
3178
1547
7616
10432
11175
2775
7442
2909
2212
7861
7578
2621
12006
1685
3290
11730
12064
9502
1224
2262
11974
2045
2315
8872
4875
1639
968
9590
9955
1239
802
10239
1393
3482
9503
5412
8334
8000
7999
4136
10330
440
788
10308
11256
1220
9056
13198
2126
9077
2280
6599
6579
10241
11477
9168
438
11312
3118
3458
8141
6838
6890
436
11462
3249
823
1473
4734
4761
860
7161
4561
8567
7197
7263
7288
4377
3353
1222
7365
8822
7530
2486
4193
2758
9647
10610
5104
2721
1493
10420
5515
11713
1225
999
3942
2132
12096
2366
6161
11975
9480
10118
2196
9550
3124
10342
954
599
6460
4975
12113
9635
8617
6713
2424
12857
6866
4981
3446
2728
2155
8871
370
209
10974
11935
13259
4246
7334
7356
2360
11029
7558
996
11799
12547
4951
10712
12665
10885
5557
1989
9716
2217
1340
4225
5719
5762
11655
6491
1223
9976
10861
9890
9404
46
12824
9535
8095
9019
4383
11117
12475
4013
3804
12773
11738
12364
10367
8130
10378
9520
7606
1388
9066
9848
11329
7366
4428
12576
1585
12608
638
12175
4224
4124
8841
12428
8320
12425
2158
4101
2600
8789
943
5549
8938
5064
5570
7609
8942
8944
464
1764
12609
10069
1551
2669
10036
11348
4269
9855
10555
6370
8161
6503
10800
11927
6792
1221
8265
6933
10183
3422
8910
2046
8001
2942
2943
10457
3361
8051
8810
8242
13207
10917
11786
7862
4203
12469
6199
6217
1517
3225
3224
433
2941
10114
6510
11221
131
7631
1579
3170
4785
1375
9073
75
1411
2739
2698
7057
488
9735
7093
1576
11320
9596
4936
7252
4710
1985
10274
12507
10495
7573
4947
7604
8285
487
12625
5229
5265
5249
4034
2916
353
1586
12604
12462
10196
5583
5376
11966
658
5655
3374
5778
5739
1106
3024
9139
1681
10303
11435
5859
11699
8961
8361
9334
2316
9576
1000
6371
8264
1820
527
676
356
1783
2388
5035
9839
9789
2091
7411
8211
8002
10146
11705
12930
5088
2442
1736
4213
2899
5235
9474
10911
5364
4319
8327
10825
8158
12706
8599
8439
4345
9943
11732
5056
8169
8170
7863
12940
3451
13223
11826
1594
12619
2058
12757
12351
10340
1234
2494
9420
9607
7127
10577
13231
2285
2526
7253
10681
11254
7302
9687
7915
12645
8541
11956
7864
2009
11493
11556
11277
4484
9979
11437
3444
2900
2286
137
5799
6002
10486
12326
6172
9985
9874
525
13234
7865
6419
8818
3090
3663
6490
893
11756
2707
3696
3355
12180
1237
6821
767
10939
3277
3739
11000
529
10547
3111
11721
8085
8551
1238
7357
7399
7417
752
13319
511
132
3558
7522
7538
11893
7559
8120
9297
4925
5138
5188
5250
4927
7866
5377
10229
5399
5444
4933
3389
10996
1930
11875
3891
5656
3884
1022
9403
6208
6268
549
308
9303
2693
6442
11736
11614
1730
820
7867
11757
3020
4491
10295
10502
940
4932
6972
6922
6993
8477
9241
7071
9243
9649
11347
8634
3304
12641
7506
11788
11057
10033
8613
3174
3002
2800
4758
12956
50
12950
11950
8325
4486
3192
2443
10876
9166
12256
3302
4340
818
3276
12658
12162
4111
6560
1228
2877
12887
6899
6877
5197
1025
4544
12354
10081
3795
8193
12259
8683
11734
11599
189
5282
9366
2410
5378
1697
12593
3798
11864
11075
5699
5712
5771
3271
5792
5813
5832
5850
3428
3709
5974
4416
11683
10363
13177
2771
12644
3319
6525
2666
12103
4418
10301
1227
1346
12643
10873
1230
3710
1503
11550
7118
12076
3143
12553
2040
11338
10725
4733
7485
1759
4318
12761
958
12801
10212
3025
629
2330
10181
11125
11127
11124
11128
11126
3781
2408
5345
4935
1235
3587
6046
859
858
678
299
9608
12947
6254
6315
5622
5010
1501
3928
9927
2769
2895
2350
13141
11365
12996
862
8194
6317
2439
6294
6350
2411
10173
2606
7868
12995
13327
12117
427
10611
12501
365
1606
7869
2905
12395
7870
8457
1821
12562
5539
499
4589
13233
10144
8199
12112
651
8706
4571
6195
6213
6233
6258
4941
7871
12304
6351
4205
6403
230
316
6636
6708
4485
9970
4988
1236
7143
3681
7222
7245
4330
9412
7316
7340
7359
7381
938
957
10153
4050
13147
13155
8902
2874
11952
11190
13032
5325
10174
8003
10703
5463
4397
5586
5562
5661
11969
11578
3934
10225
11429
8786
11263
11260
11264
5475
1024
6352
10130
6539
2393
1229
8297
10913
1233
2251
5540
7872
6894
6913
6935
2258
4499
12207
573
139
1232
11415
9045
2907
7478
7496
9547
7517
1226
9774
5117
4650
12060
3175
2438
8430
11623
10958
1734
1896
1662
5596
5618
8516
5671
4825
10869
518
11641
4652
1656
8419
686
9219
10409
12551
3337
1231
10334
12696
3684
10305
3629
9978
2318
7256
7285
7392
7370
8733
3122
10258
3022
4619
7543
7579
7592
5065
5082
8249
5132
5143
2990
6090
878
7873
6173
3037
6239
6269
3749
8042
12973
6420
9489
4708
6461
903
8783
11584
3593
3064
11968
3722
12205
9621
9471
1252
1740
10667
8255
8256
1636
8069
3532
7162
7182
9356
7228
11200
7874
12602
1253
2604
8464
7523
7574
11171
7588
7605
10542
2111
10640
5198
5215
906
5230
987
7875
9948
448
2992
12141
12723
4243
5536
9663
2478
2146
8307
5666
7876
10624
4342
9349
5730
5814
5763
13279
10912
575
1246
12328
5904
5885
1640
391
1486
6003
11310
4832
6174
6229
2180
1804
2861
12674
8901
6561
8136
10801
10331
663
9613
8632
11185
619
1
10232
2422
7264
3909
9027
692
9652
10920
2456
12131
1432
11865
4524
12931
3953
3952
12603
4897
1939
9411
9565
9475
8513
8621
2470
378
635
10099
9592
167
8088
8090
11189
9656
12798
11380
1629
7877
10286
1797
3837
8092
13191
10122
13248
6492
10866
10070
2433
4425
983
13293
6665
1988
12901
10959
7878
2587
2579
4360
208
469
12898
9951
1353
9123
4505
7072
1741
11062
11960
9025
12861
10176
453
2718
11633
9744
3897
7879
13337
4881
12240
9889
9284
8004
9920
3477
12284
9197
10289
5840
9644
2215
6341
6302
3935
11065
10993
9925
53
6443
344
8452
13216
3060
6793
10189
454
445
13292
10592
3496
7094
3340
8432
12987
12955
7880
1254
2553
8005
2852
5283
2184
12361
8006
408
7881
11820
130
3130
1735
4100
11301
9598
7882
4071
10854
402
9677
5793
3892
10155
12421
3231
12029
9277
7909
7335
4731
3327
9720
10593
1707
9020
6290
2211
2908
3926
6372
4554
4092
8449
2024
6511
952
2586
1528
13298
891
2503
7883
6806
12905
4630
3676
8007
2797
2500
734
11352
7219
3647
4015
986
2086
13235
8784
10889
534
11512
4701
10185
4706
7884
1255
4402
8606
3188
10059
966
6730
12234
4363
8354
9776
4942
988
12306
140
11900
12550
581
11173
1249
1250
1904
9383
9678
12000
9706
4876
9178
11213
9452
11521
1942
11165
13033
4324
1458
5860
11637
11635
13093
201
8952
11555
6004
2597
11546
10575
6140
11235
223
6398
6373
3649
12121
121
12961
12091
6512
6533
3842
9347
1403
9992
2297
9212
225
1247
12105
12963
236
70
3001
12585
8698
7281
756
7429
3519
989
10031
10030
4047
8157
2787
7885
12894
4421
11315
9765
5276
2776
5426
5445
10430
3051
5740
10238
1251
5800
2714
11174
3766
10669
6187
800
6240
4221
8507
11059
6323
6342
10103
12990
3235
669
9375
11988
9973
4072
2176
1256
161
84
7032
969
7082
7101
3700
2047
1795
7418
7438
7453
9450
9240
4742
3077
3018
7589
13341
2134
8681
985
1248
8052
5365
154
1257
2507
3042
4882
5779
1865
5446
10375
8735
6005
6030
6047
6065
8608
6141
2635
7886
3586
6241
12083
6324
10168
912
4335
11851
6673
10402
4218
9247
4823
322
6657
9052
8596
3932
1271
8887
10026
9513
11439
6994
13026
1963
1954
3827
12157
1343
7163
8697
3011
4299
13178
5207
5150
13321
5310
5335
9429
2592
9100
3348
8399
1177
1268
4675
2039
2846
6589
5606
4146
6620
6740
11665
12969
813
6965
24
685
3286
8832
12728
10510
8299
10435
8760
1966
2000
5139
5120
2189
4251
628
246
12579
11717
5311
583
6242
12852
12502
622
6701
12686
3872
9126
7887
5011
1943
11316
4965
1964
7560
1965
3360
7583
8501
10049
8321
10940
2412
9686
4629
4302
3052
186
3588
11827
11829
5639
9003
5657
9453
11045
12261
5801
5833
11432
2464
8040
11844
3894
3811
9802
419
11158
4058
8790
10652
917
9964
6399
6731
10972
7058
1269
12710
1178
6839
11684
4444
11188
456
457
974
9507
2978
9134
1399
1404
12513
11871
8817
348
1645
3387
5346
11912
9289
905
2966
12991
350
5815
9990
3385
1534
8570
2059
5841
4599
2035
8517
2622
158
6130
13196
3671
9138
4215
9362
9618
4088
2143
6764
10532
66
7312
2209
9081
7095
4093
9903
2476
9713
10150
11780
9180
1719
4294
12727
2177
13282
11143
1456
12660
2377
9521
10583
9712
264
6188
9192
5038
8936
4001
4003
4002
2897
4542
6855
6878
4916
720
670
1774
1784
13045
3692
11027
1810
9476
7888
11659
5151
1614
13143
10529
5447
10162
9741
4295
2444
8561
3855
11341
2608
2200
2284
8579
12225
7889
5991
3417
11661
9010
6091
13312
8577
4616
1270
10123
3133
4366
828
6765
8262
8192
34
3392
11685
1721
11855
777
8196
7561
7491
11017
11009
12626
3440
2123
11010
11012
11426
1928
3735
5992
6016
3253
6316
6291
6230
4399
4099
3123
3481
2532
11452
12061
10309
12011
6493
10588
4307
9946
6590
8335
8996
11455
11842
4210
9455
642
8008
11693
2370
7890
3565
2985
1911
9211
1439
4831
1649
13056
13065
2213
10219
12657
855
13258
7891
12849
11280
602
10922
12435
6325
6303
6484
4133
4130
10846
11540
8443
13104
12296
9772
8410
2849
6891
883
3833
6985
1924
7004
8829
8719
12302
10366
2812
4977
10500
4212
7486
3573
7524
12149
1823
5366
7892
4252
2631
5069
11296
4057
2415
11089
5802
9738
11054
194
10356
8991
1455
4353
4306
3895
11287
13260
11612
7893
9516
4781
2575
9633
9674
12332
2275
11836
8455
2777
7492
7515
4227
7531
1507
2327
7597
5152
2531
141
5178
11416
3705
9101
8604
12291
101
1532
13130
10455
13343
10425
12766
4705
8504
2268
2187
12194
8160
3981
11716
6534
9444
8165
7894
8261
6867
6892
4651
531
7048
3797
13212
7173
7191
7229
8147
7208
148
9509
8476
2815
4579
8340
8339
8765
8703
10744
10582
9264
12397
10715
9145
5470
4873
1331
5584
11819
3280
10260
5277
3437
4410
6100
6116
6131
9342
3662
6304
3441
2231
147
146
12812
1459
9938
6535
12008
822
8451
9043
374
7242
7895
7265
7289
7303
9395
12893
8009
11349
2951
3901
3295
11889
312
3726
13010
1359
2345
4557
13268
9345
8699
8700
10373
741
9164
5057
4747
1284
2353
2054
13161
654
1729
4436
6771
6848
6868
1612
12566
12771
10675
10671
10668
10677
10673
10680
11080
673
4037
2322
9291
12271
1026
2075
2076
8890
9574
11055
9294
10626
9718
10216
3097
6142
3131
1285
2499
4317
12884
10276
3281
3282
7016
10279
7083
3644
7102
8565
4582
11032
11077
7454
4792
9654
8664
7472
9417
12252
2269
10684
4884
3594
5127
8137
1321
13101
91
10421
1705
12455
3003
12109
9312
770
11618
6526
3056
10507
6807
10538
11053
6973
6995
7017
7033
659
9611
10653
12430
12423
8853
7430
10473
10599
13158
3889
8657
4670
4671
9266
11553
9097
5592
10663
3590
12590
1281
2652
2979
7024
5851
10778
8031
5955
8030
3082
6471
6527
6591
6643
7183
7198
7220
7313
7345
9942
7367
8035
9703
1283
12486
373
10803
1937
5454
9478
5619
10942
8055
2528
11395
2917
1596
3715
12896
2279
10970
11403
7896
3343
9594
8240
8241
11615
6648
6660
8642
6682
2541
6777
10323
6969
6986
7038
7060
12347
334
1903
11444
2931
49
542
28
12118
3484
2505
833
3289
2545
10618
1467
12257
8897
10849
2894
3512
10826
3579
1093
4513
2833
936
12166
1611
6021
3919
13311
6296
6318
13273
8296
6393
8295
8294
6626
1434
3800
9933
6799
6815
6882
4787
6906
4022
11100
11211
7897
1825
5532
9463
1950
13329
7144
2314
11942
8509
8508
8226
8651
12960
8152
2135
11674
10828
5123
10956
10217
5239
12659
5437
5464
5508
8232
5531
8658
2759
12959
10337
3544
2472
3366
9183
3092
12845
13357
298
9875
11805
11804
9869
13020
8272
12200
2750
8542
11979
4080
10376
4460
11795
4244
11480
4591
2445
2859
10786
12345
1282
9999
10326
2709
13347
4906
8179
10203
313
1466
3654
5962
4249
10908
8461
9901
10078
8187
10490
8010
2935
2446
6692
6751
8740
8793
4494
8189
7233
1880
3308
12497
11466
11682
250
2735
2945
1661
10746
12638
2838
9523
9352
10453
961
5486
13237
1430
9506
13187
2999
8201
13354
11022
10045
11324
1278
8370
8267
2452
3577
12340
4709
12349
1617
8844
11779
9634
12838
10102
10214
1279
1276
2253
9482
9030
5233
4350
3239
5039
3992
7898
2216
7899
5626
9193
12236
4202
4355
4948
2514
682
3307
336
4304
2672
9808
10814
6259
1317
10558
4331
6365
297
2491
4725
4721
11180
13027
8625
4151
11116
3622
13053
6907
8011
8291
8281
11770
406
2141
7371
13342
7394
9157
3326
12426
1280
2102
12709
11445
4746
8877
596
2278
10169
9660
11815
11417
11005
2679
3537
4406
9206
9175
4220
677
10949
2382
10245
9015
4755
13001
10067
364
12779
4029
5067
5083
5111
5124
9977
3007
565
359
5455
4625
13119
9624
1839
3655
8012
6012
4196
12946
8407
8101
2828
6177
6147
7
7901
1842
6377
11648
4835
2099
12050
10246
12494
4126
11094
10937
11506
12140
505
9588
9886
3181
13015
10768
12768
9177
2250
2576
681
12178
4192
4563
273
11585
9639
10159
3879
5073
11108
3127
11846
2889
2384
11913
12730
12613
5403
8970
205
11800
4877
3702
3706
5438
4316
3913
9778
6260
12883
5785
9895
5807
3316
8857
1990
10591
9267
1868
12540
11728
11357
7900
110
6540
8684
6486
6423
2823
9645
11191
3129
8797
119
4389
6752
10998
6824
463
12984
11132
2975
2170
3821
2508
9447
7294
7272
4272
10688
1959
1957
8585
8849
251
11318
4944
13022
11698
9868
2496
12554
11302
13159
10536
3768
5673
708
12151
3561
13107
753
10005
9689
4968
5744
12712
1796
11503
1204
5929
5963
5948
5647
10002
5667
10007
10008
7282
13243
13240
5820
5886
5868
5905
270
9093
2018
9887
8587
2430
856
7902
495
10151
86
13109
3069
8312
703
7336
2031
8062
6714
6689
9485
704
705
3193
6869
8474
3219
6923
1481
12876
9531
3600
4166
1840
1834
4723
12465
7025
8666
8239
7049
846
11787
8459
9704
12098
9700
12158
12419
8943
7903
4480
8247
4254
1291
10306
597
784
9273
10348
9721
1999
2418
2637
11288
2724
8013
8014
8111
7904
1366
10805
44
2603
466
12967
8113
10310
2981
1827
2830
5166
5516
11095
283
4016
4631
2722
10648
8496
4674
8491
2307
699
11650
2483
3377
6056
12623
9793
12831
9136
135
3617
8588
13310
9894
13245
4426
6611
5167
6631
12057
6652
9051
6741
6924
9250
11676
2644
9095
3293
9969
12416
11385
10838
11485
1836
11268
10226
9826
11070
8276
8278
8525
7905
3639
11137
9705
7906
8162
4955
5913
5937
838
6066
11517
11243
6132
6162
6189
9537
11737
5005
10139
6383
4636
11547
4116
7907
11002
8590
3514
8748
10905
11237
7388
7908
12906
1530
4717
12213
4379
3603
11400
1292
9962
5526
8768
5550
3689
560
5668
9563
5731
8528
5052
9800
10753
1980
13081
12237
4012
3831
4802
5448
9500
6856
9499
9035
11228
347
8373
13303
11048
9257
2578
2577
11638
10597
13307
12556
2118
9640
2022
9016
11098
9932
9631
3914
576
827
216
6092
9171
8659
3866
982
9323
1564
13336
981
7624
8223
8939
10111
10985
2028
2112
2207
2648
1857
572
133
11093
2205
1472
11868
4839
13335
8386
11253
10370
11598
4763
3959
5189
9769
5140
12607
10987
2881
1032
9357
3167
12738
1790
1786
10294
263
2050
13018
114
4094
1806
12040
2265
3906
12841
1305
10468
10867
6190
12479
12228
7945
12928
6472
6494
6513
10816
9070
450
3305
911
3799
3488
6900
9546
6996
7050
4594
7018
12574
8913
3112
8493
478
3032
12217
8150
12020
152
4684
8284
12192
5842
1788
9006
1516
10747
5870
11525
3083
153
4767
510
324
3490
1733
5921
12084
13267
12139
10662
9153
10285
10410
1536
9871
10442
8056
8058
12794
7625
13025
6360
6384
3058
9011
9012
3618
7626
8431
4720
12372
6006
12371
8347
10999
474
12399
2206
3570
2455
11092
11339
8969
11281
2601
3145
7164
1699
11226
11073
3429
3228
3061
8116
11681
8646
11392
11740
5054
11718
12578
5179
12864
3399
3874
3470
9724
3352
13040
3990
5571
2952
977
953
12238
3876
908
11210
4782
182
2996
2685
5975
5993
6017
6042
12246
4156
976
7627
8557
7628
8558
4517
60
6421
598
8114
2947
13218
842
8907
8118
6600
6621
4510
9784
6143
978
10693
10056
3120
61
8586
85
232
7128
2371
8850
7324
7346
9398
248
4617
305
7548
7532
5089
11929
5141
11508
5216
11808
3016
5231
1749
10664
4911
5400
5427
5449
7919
5572
5593
5648
9339
5750
8670
6191
8032
5887
5869
5852
608
5780
3009
5053
4123
6018
11957
8274
6057
8543
8349
169
1720
4766
633
6462
6485
325
8302
1802
6644
9695
9991
392
1864
9708
9528
8898
1809
9629
4120
4121
2535
979
11335
2358
10428
8547
2417
8400
13352
11532
11530
12
7629
8404
9863
3203
4292
2006
441
3568
9615
4568
5994
6019
5021
6058
12223
6080
12713
8801
177
11696
2139
1392
3336
889
10545
6463
8701
8559
472
13316
11086
980
12935
10192
3209
3370
11122
9736
10127
8395
12460
12676
4256
7630
8323
9940
6950
11559
10242
11489
11488
7174
9121
3542
1444
2120
994
8772
991
1894
4362
1454
13339
1435
10066
2002
1805
7924
990
3910
1726
9256
2032
3038
10904
580
10000
10513
12600
1692
9439
2649
10293
2627
12321
4504
4696
7632
3085
2136
10736
94
5713
15
1848
13197
4445
9983
732
1905
11430
10034
3364
4079
12881
8932
11159
1933
9753
3572
10654
8751
13016
13330
5059
1728
11283
9436
826
9414
360
3610
1417
993
12498
4044
2457
4039
8484
9148
9524
6067
7633
6083
6592
2876
9191
2581
7634
11284
7575
11474
8229
8775
7493
4277
3362
10830
317
10570
1754
12459
5128
5153
5180
4934
10950
2204
9235
4995
933
195
9605
3883
1890
13287
5720
1421
9036
11244
8217
5803
5821
9847
4288
5944
9174
2468
3727
995
8993
9511
12936
7946
11227
6243
12818
6270
6292
10083
9980
4914
7635
1521
6666
12820
13301
6857
12596
7636
6946
6997
13294
8038
2539
7947
411
10686
9413
12106
11491
1713
10710
3650
13031
8263
11482
5115
1675
9777
1800
4441
7637
8315
11776
4489
3664
13074
12715
1722
7638
3110
10882
8081
4885
9750
9057
1495
2610
1882
12219
861
1631
6218
1620
6110
6244
1634
6601
170
8102
12891
1849
13078
8364
6732
2615
6794
1673
992
689
3491
4920
850
3450
1879
9961
11047
4035
10027
8812
7108
7129
1622
7146
8764
7192
7243
4032
4394
7297
13037
716
4539
7487
4623
12828
2079
5142
5168
3979
13208
8212
8908
3309
5312
4270
8045
2763
3541
4477
4495
3172
13188
4349
4603
11487
1308
811
13291
13227
13179
10767
3065
1669
3432
1416
117
404
8694
10835
1767
1641
3113
12088
3462
1618
12010
1811
11594
12942
9222
12258
2194
9188
13080
10312
6742
8674
13221
10023
7639
2390
4284
13323
760
460
9852
12023
1798
4357
188
3396
1799
10043
2599
6209
6231
10842
12424
9229
11812
9386
9653
3626
3591
11686
4311
8947
8026
8680
11162
5024
6772
7554
10223
5040
9320
1327
7640
3900
1813
8437
2511
12924
7641
5483
10750
4240
1638
372
2261
486
949
12511
1357
10587
7642
10491
7643
5090
3116
12851
10697
7584
12138
7644
318
12684
13029
3595
2458
812
11085
10586
11232
754
4250
1691
2642
9282
4814
4083
713
11468
11467
4017
684
12909
12007
11945
12210
10107
12591
8743
10494
6093
1887
4286
7645
10461
6536
1480
4821
82
7646
9427
3870
6901
3142
13066
8729
8726
10354
815
9836
2968
7325
13055
1006
9220
11924
3214
880
5379
5016
12220
2299
1320
1755
145
11078
1328
13063
2848
1490
3053
561
6144
4158
502
626
2460
2362
11522
3269
64
9102
11372
1968
1992
10465
10852
7400
3463
6473
6580
6602
6622
6645
6658
2664
10929
11066
4368
8607
74
10047
8499
12487
1745
10012
7067
7084
5558
5607
5623
5649
12704
5714
1794
11441
5861
4595
1475
13353
12822
7647
1744
12336
13092
8317
11478
3764
1004
12242
6514
10015
8138
11149
4741
8915
10880
1474
7005
5527
4667
12835
10417
4200
9567
11346
4959
9734
2956
1005
7377
3242
10377
1003
1337
6808
11961
11597
12188
762
10311
10210
179
7378
7648
7304
8367
7455
11351
8252
4371
7649
11898
5099
3046
3049
1205
12367
12716
587
7917
3335
5608
8734
7948
7949
7650
5677
5658
3324
5715
2725
3701
10249
10936
11240
3830
10180
9767
1918
6059
1765
1921
1919
4181
12564
2056
6674
8304
6702
11911
4321
875
589
2650
6911
6934
6951
3773
4779
1414
10482
11752
12195
12910
4261
11049
1362
4106
10018
12249
12528
13232
9337
3215
4883
9671
8049
13244
12255
8060
12300
2191
6385
10290
9355
2227
9795
11458
397
482
9672
9673
9661
8676
7456
7473
7488
4476
2643
2482
9585
8470
7654
11250
2144
6840
4054
2880
3187
5559
5585
5609
5650
5624
5669
3222
9314
12235
8105
8097
3412
4401
4704
6031
6094
3310
2510
1508
11514
9600
7653
13075
9465
6773
8465
3972
1524
3410
7165
3400
3405
3406
7290
696
7419
8645
7439
11526
1104
1529
2939
10401
12620
7507
221
5181
5154
4150
8124
7929
7927
5413
4070
11368
7652
7651
10109
5878
563
2116
5922
9699
3776
235
72
11219
12762
11840
11214
9179
2584
7026
2857
10841
1012
910
9242
11834
7283
915
6966
2025
7655
7431
7446
8889
2548
7464
11172
4565
934
9214
4775
579
3767
2276
9748
2517
3040
9368
3237
13277
12787
11583
3721
10795
2946
9287
1242
12186
4018
6043
6007
11703
11704
6192
12752
10759
6343
2633
6361
6386
1855
8314
11652
156
9227
2202
4313
3859
12201
11176
8840
3507
1011
4681
3849
10964
3434
8582
2964
7420
7440
3745
7525
9274
5105
5091
5079
3582
3390
694
11671
3136
11418
3597
8115
452
12417
2305
10576
11958
9122
10862
1582
12093
5700
614
1351
11479
1670
9732
3969
5871
12549
3275
10754
12048
11741
8602
8128
8376
1363
8326
3985
10919
172
7656
1909
6653
3518
8434
8142
6766
10544
1858
7347
1949
3983
9262
13068
12384
1244
9926
9024
3982
4621
11711
12573
6326
6271
6210
11531
12163
4714
3157
4188
4842
11366
2186
9182
3836
9918
6774
9657
12695
2338
11060
10965
9832
4847
10163
11271
12090
7266
7291
12900
1010
3358
10531
3296
8167
122
2107
4587
9566
5155
9746
11332
11333
4871
4263
4180
4152
4575
1527
11113
4712
240
13186
4051
6795
3217
6813
540
9340
13123
4442
6849
3780
11216
4686
10579
12082
10166
11849
2544
4334
3521
7657
4459
10623
2694
7658
9760
7659
10896
3788
11609
2037
11234
6775
2850
8738
8720
9625
870
9939
13182
12694
11587
7267
4770
12853
2704
292
10897
1548
9459
7950
7620
4791
873
807
5517
9325
5537
12274
12584
5781
3057
7951
5834
5853
5872
9727
10220
3882
6163
11914
3509
184
2214
2218
1274
13214
12802
6612
6633
6654
8620
4229
12310
10316
6822
2740
8358
9409
11616
2715
1793
6362
3752
7141
4728
12664
4253
929
375
3605
1384
7326
2220
2221
3314
8707
475
10493
8767
13049
12431
3154
3349
10784
5380
11567
4638
601
971
2042
723
4405
8402
2394
12837
12403
8823
3266
1996
9389
6550
10539
9775
6572
10496
11745
12440
8283
751
1041
2552
8997
341
4772
3268
12450
7952
10268
11460
3732
2835
794
1323
12126
1109
11790
8129
5110
11657
4780
5156
7660
3623
10879
8882
9069
3847
1017
4028
8885
10848
12058
9301
3511
11953
13305
5822
11498
12587
9923
10441
12508
1396
8761
9813
2630
3751
11461
1020
532
4699
509
10222
1333
10562
12432
2306
9996
12750
11018
11020
12843
4024
4026
7421
7441
4466
9373
4179
4189
9751
4450
6715
3631
12805
1033
4493
9114
8973
3301
39
45
10021
5401
13111
5451
10863
11552
8177
11970
4325
12248
12247
1535
1014
12964
8172
2663
10072
1665
7661
8580
9533
4455
10477
5063
2229
10738
11620
1847
2372
7662
3034
12127
2774
3758
7085
4966
7131
7663
8180
12863
1386
10024
22
8573
12266
7494
7465
8186
10566
4172
3784
4497
3810
10690
8811
9321
771
4867
4290
8329
1832
2640
9049
8610
1034
3974
11527
12517
2064
197
11754
2007
12889
2469
9268
9255
1873
430
4912
10975
13098
4917
4810
11107
9261
3152
8562
1494
12753
10129
4843
11051
9059
1019
330
11631
1013
9880
10460
27
8110
10706
3976
2052
4107
12319
7668
1021
358
731
12039
6858
6880
9393
9278
7667
1015
1523
12949
8433
3596
10812
3691
124
125
9740
3685
3718
4849
4255
1018
1016
5200
5284
123
7931
2309
8343
2462
13334
2101
4298
11340
1872
11575
9862
3933
12735
13118
8722
8639
12451
10134
8424
13127
10124
3943
8847
12774
1609
1845
7669
8669
8682
11099
12063
3615
12703
1987
618
1031
2380
12561
10512
13209
9801
400
3636
8164
1758
4808
3149
3443
2804
4858
7175
10394
12788
8774
11169
11885
3682
10718
9921
5121
3382
12278
3589
11297
12277
5251
12276
5381
8
2401
10990
7423
5722
9111
2949
1506
2459
729
12100
2708
2344
10716
10717
11151
10977
1648
8814
9915
586
6255
38
12939
3939
3669
382
710
6716
4117
9562
9560
381
10791
4458
9504
8803
12270
10701
11146
4008
13021
847
8763
8689
2405
12934
1856
7466
13194
10906
4632
12933
10492
10187
12099
4077
10141
1488
8988
2175
11197
761
928
79
8438
12267
2865
9044
12509
1028
6374
10358
10831
13073
7912
3250
10968
4278
2004
11781
11933
12842
340
12803
78
3320
12746
4976
8948
11192
8046
2096
226
9001
5906
11154
653
12156
2095
6033
6048
6068
6085
6103
7670
9914
12630
1756
4033
7671
1445
13083
13332
4640
11923
7672
3782
2378
4137
7673
7674
7051
2369
7675
8086
7389
8089
8627
2342
3794
1313
12074
2081
4615
8531
11560
3529
3528
1136
1030
12806
214
11691
7676
854
10451
10909
11459
13138
5976
2364
10270
7677
9913
11161
2727
2551
9641
9898
4754
10774
1008
11720
83
12793
8747
1316
10745
4971
7590
8879
9941
11257
10406
3486
10450
1489
1814
10215
12327
1487
4056
11768
5659
11899
12013
12952
7678
8799
7679
11565
4222
10054
1385
287
8016
1023
2379
10247
6632
10915
6675
6703
6850
9514
2591
9781
3425
8899
11155
12028
3472
7526
3995
7680
8917
5336
636
12815
13247
9185
12187
9155
459
2898
2765
5894
5923
9290
3166
3191
10798
1027
6245
8530
6387
12071
12073
10574
6452
4745
12468
1029
6504
6623
401
3196
7956
2534
8382
12714
1294
2798
7686
26
9307
7685
4700
10333
1277
3189
12500
8375
10476
355
2901
9300
2802
7955
9118
6246
10780
10788
3757
7954
13308
6412
6432
10679
10055
3878
13000
10259
11398
3260
8309
7684
13030
10039
9167
12489
379
8677
3806
3005
7953
1929
5484
7683
605
2699
1318
5129
2980
11888
2376
740
1038
12414
5314
5338
12415
12393
5507
5528
5551
5574
9610
660
8156
12232
5873
5888
5907
2272
5925
5946
5961
1650
4893
6200
1952
9512
11350
8166
2950
2530
2782
1654
11199
12624
1717
12821
11376
11936
3635
2497
1817
9462
3571
11729
13002
7269
11144
13213
9425
3093
2521
2053
4989
10171
8564
10280
10336
12456
12836
3288
3672
9112
657
3367
69
10415
3248
4672
1300
9428
3096
10104
10275
10080
4822
10527
8538
7412
9396
11153
12646
1035
814
2333
3812
300
1302
12586
3513
1679
3813
10505
3478
1036
11921
11919
11920
1039
10645
166
5926
1037
6117
12366
181
2274
10966
12892
4918
932
13012
6678
6705
10935
7682
1962
6842
6859
9477
6904
6976
10152
258
2690
9293
11052
11580
3725
4982
10422
5369
9053
5453
12717
5472
1358
4435
786
9835
12499
1219
1925
10434
3787
11862
2255
12654
7681
9130
8804
10573
8868
10341
10600
13156
10472
11873
2055
2352
4744
9163
10300
3688
9344
9346
9481
10844
10983
3634
10471
3453
8435
9655
5093
2976
320
4793
5116
13162
13157
10506
11387
3454
8028
13271
6212
2395
3581
3461
8974
8979
8981
8976
8977
6593
8980
8978
8982
12324
8403
9018
2732
6954
2465
11233
7086
4807
9115
8972
6232
4813
9392
11887
8073
12992
548
3035
12125
10025
6594
6614
7687
8080
2008
6679
4025
6733
6706
8563
785
12051
3287
10459
13009
3315
9068
1046
8096
7957
12877
7688
1580
11114
7489
12434
10525
11050
8605
5169
8592
8574
4344
8954
11802
11803
2203
10691
14
12737
10267
10418
10765
3312
2910
11758
2896
1045
106
3139
8845
12546
12978
12795
12804
7689
4305
10963
10622
8119
8998
2117
11304
1483
3132
2580
3724
2313
10479
11867
655
9295
9260
8483
12870
1304
7338
7358
4574
12439
11890
3955
8766
12262
9698
394
5339
2383
1936
11023
10431
8649
8721
7690
12873
11928
2082
667
185
10705
10692
13261
7691
12137
9771
8629
2341
1714
11568
6757
4634
1042
926
5017
6344
496
1696
772
10685
3606
8159
11307
612
13048
3055
31
32
29
8405
6947
4408
4409
7035
8668
11658
7692
11433
11789
2953
2043
11044
7293
12663
2467
3719
9313
3350
11425
773
7820
806
1772
10878
9324
2781
10782
11367
1476
12032
1427
1428
2795
4841
2783
12208
12848
2228
2461
9818
11622
242
3923
8835
3545
552
9702
8366
10407
9259
11669
12437
13038
8331
417
42
1322
11679
2836
8965
116
8287
13112
1566
1567
5006
11497
9075
12263
3760
3200
2944
12825
9539
1040
1666
4090
721
4446
11306
3975
5895
9434
3524
8866
11345
3736
4478
1397
5032
4773
8983
7958
11884
4840
12982
2488
821
3264
12542
10077
3938
7540
8131
1511
1512
8238
8126
8815
973
8644
10794
1398
56
12983
2749
11110
12708
1347
12981
766
7087
7105
7121
7142
7155
7193
7176
3471
12980
9096
3807
3808
5058
8957
11708
5170
11709
12729
395
2195
13356
711
9559
1355
8732
2399
10824
9435
10470
10475
2766
4038
8986
6165
7693
6375
11196
10234
9505
8310
2574
11743
13137
11767
8518
12269
10086
10689
11994
8779
465
9786
12796
10488
10650
4750
5171
7694
5081
12279
5209
1513
6517
7695
8855
3474
10318
1546
1742
12917
3828
646
645
2057
12490
4451
1051
1049
1050
2080
5889
13136
9004
4223
5044
11442
10992
10263
7959
13028
11135
11134
11571
10821
6538
10916
2527
6744
11765
12615
12316
10967
11290
3317
12792
9882
11667
4475
11917
10840
9165
12505
1048
3270
9829
9000
2094
9419
12012
11782
2670
9376
11476
890
12369
2020
3645
8182
8184
12204
11690
7495
13349
9110
9876
1693
5232
12581
3785
9561
2152
11238
12582
650
6020
302
9249
12789
326
11451
11450
6477
9440
3506
3080
12944
10832
2506
9492
12136
10487
6861
10133
12539
10269
3501
13128
2402
1871
12921
12671
10874
10797
8529
4232
939
5101
12072
8205
12068
836
10132
5357
501
1043
12844
5529
9002
9885
3526
2391
8833
5690
4743
21
77
1044
11991
2588
11962
2343
3977
3886
2613
11769
7006
8858
8880
301
9184
13072
4649
9292
8346
9253
4109
12394
11193
8652
8787
7541
9579
4500
7069
10522
8204
5107
13082
11293
12697
4501
9916
3084
3176
6363
4138
4653
11773
2807
1118
5218
2437
12169
1117
3530
9108
12464
9883
12221
10960
10569
1752
6008
10504
4895
11273
9837
545
1703
3498
12814
3102
2731
8777
6968
8397
2614
7728
4287
5617
277
644
2712
10508
7542
7577
5071
9995
1769
13276
10405
2625
9149
1415
5172
7923
12458
5267
5286
6478
2651
12570
8984
3789
127
11628
10385
5008
8091
5969
5982
6009
6070
8959
4113
11182
11399
546
6274
143
6247
10148
3103
2400
6434
6454
6506
6528
6624
8365
6667
6719
6691
4838
12446
9960
13239
8656
8236
2768
10853
3534
8388
4845
887
2277
7729
11037
10596
4432
11856
12442
9569
13135
5173
10723
5000
13051
151
9931
5287
11121
12662
3978
4886
3258
3494
4348
7967
1115
11291
11382
2920
13256
9106
11905
10207
6564
522
2106
11831
4922
8145
6832
4381
12171
8148
12173
2813
1520
13328
9821
11940
10156
1116
1630
11998
7413
8316
10296
11775
3815
4019
7591
9518
227
4665
10865
1315
5302
5268
3466
5358
8691
8640
5382
11509
9400
1123
9472
1973
12092
2409
1113
11314
874
8151
8637
13132
886
9234
519
1946
1785
4429
2660
10112
10404
9685
9032
7730
8171
9495
6221
6285
10674
12078
11649
4903
10262
10953
12772
13296
2489
12473
13164
524
12410
10910
11860
9762
9370
3261
10484
10314
10903
386
2959
1120
12085
2119
12035
5474
1125
10630
3956
7731
843
12492
8992
4264
2589
8173
9754
1122
3863
12241
5045
10048
4576
1114
1984
2502
8440
921
924
6625
920
4546
12170
10857
6257
12648
2150
6295
2504
13346
13345
10009
9680
13275
8781
11285
9107
1575
1628
11408
2747
11590
2332
2656
13326
11523
5393
12669
2163
12176
3612
5436
5416
9308
11881
485
12886
10439
10179
426
1121
5824
10022
9681
7732
10581
11710
6096
900
12144
1119
1408
2130
1112
4800
7733
1423
7734
2518
9796
2210
834
7195
13262
12595
6582
7348
13225
7369
8671
10952
749
9190
4391
8796
2529
211
5131
9619
3087
10357
1674
5303
12313
12741
11572
11502
792
3898
11852
4605
4140
555
10607
9577
9578
2867
9623
12412
12875
9779
1360
2477
9830
4614
13166
9283
2872
4087
1751
4380
9311
6720
6745
294
6862
1129
2374
1695
8282
12466
13071
12488
8548
557
10198
12634
8769
7735
3912
9601
4365
9963
10635
11267
7736
10228
4545
12344
3614
9054
7737
11411
1601
8776
8616
5947
7738
11791
1098
666
12962
12365
8839
1531
8143
765
8955
2602
12021
2041
7968
10397
87
11019
12733
2983
779
11040
12409
12405
7739
12653
8704
8705
1128
7544
10787
7740
267
5066
7969
9276
10954
5221
5238
10636
5359
2785
1309
11386
3694
5402
3840
11727
11356
9896
1867
2149
8351
9265
10594
12749
4564
9805
489
2373
9788
1410
12017
8460
11777
11755
2913
8925
9989
12363
3140
6709
11694
13151
1833
2821
3179
1126
9151
2084
702
7019
9648
327
4098
12759
2761
8870
10191
1382
8631
9082
12254
10775
9543
9944
2328
12966
9906
2481
2156
8175
12343
4364
5254
10199
5316
9752
8279
1127
10
8039
8044
9
2392
12929
12407
12411
8628
8589
10001
1680
7970
9317
9316
1831
8906
5022
272
1130
3184
8360
3165
6364
10328
6392
3818
4659
7741
7424
2829
1102
1103
1101
2827
13160
7599
13062
1604
1097
4722
8074
8075
13117
1471
13255
11381
9825
13278
12544
6111
4059
12858
2636
2729
4004
4560
2321
2319
6845
13
9200
3517
443
6977
3563
894
539
1668
1132
11334
10551
10244
10252
2543
913
10165
7246
2634
7271
1613
3632
2513
7443
7393
9156
7509
159
11833
9244
11358
2799
8224
10424
1773
12400
10699
5326
9770
13099
3520
8353
736
12649
6307
6414
6435
12800
4833
6637
2862
10255
3677
8021
8019
2726
641
11821
801
13042
7328
4727
3232
11987
162
5048
4204
1288
13246
11166
3638
7611
9248
389
4359
470
9950
12902
10052
8146
134
8904
1133
12197
6955
7007
8308
7133
220
7178
8206
9470
9408
9884
5643
5897
10870
3966
2389
4756
290
12763
11204
1711
1899
13304
8467
4679
6605
11036
10391
9231
11589
13189
8054
11120
3951
6956
2655
6978
4856
7000
11006
2153
7215
7234
1816
7742
11880
10160
1138
10822
11562
2921
10320
2493
4874
3987
4064
8333
4456
13249
10734
1111
13202
3668
9332
9406
1137
5383
3071
11494
13034
12325
8413
1554
3094
7179
9822
10606
9493
12079
5970
13133
3599
7743
11993
3079
11102
7534
8383
4711
12348
10694
12342
1139
11943
10927
1852
11766
8098
12563
5394
8210
5476
2806
12318
4655
11772
10386
5743
5691
7744
2962
12545
11391
9581
11858
3552
10884
10093
12868
3245
11157
6529
4219
8896
13129
8390
2820
1090
10900
3625
2495
8524
13173
3755
2109
8854
8313
11857
12189
8420
12520
1970
219
12124
255
2710
256
1866
1096
7564
10298
12146
9094
4488
13252
11164
13253
2436
11554
3549
3554
3555
5672
1099
2114
1972
11535
10722
9205
12212
804
10352
4471
12335
8454
3868
4697
2720
2293
12690
4637
947
13170
13169
7745
13171
11947
4536
13115
3294
4005
10777
295
9141
5806
901
10121
9570
3918
9381
4007
12557
8593
1364
10186
12081
8341
3963
3368
1913
10042
3743
4176
5500
9226
10603
1153
2525
3958
12925
11248
3210
9935
11421
1461
3902
10808
1001
2868
5028
10881
5817
1664
11877
4801
2700
11763
2967
12215
2301
11796
4584
6436
6456
6498
6480
7746
2885
3267
4412
4404
544
816
12338
7747
491
10195
9199
11792
7273
13163
178
168
11605
9391
9486
4143
4337
9088
12932
81
3566
781
5627
7748
5875
5752
701
11013
3728
5774
1859
4053
951
1141
2087
12721
6022
8635
8727
11639
10979
12120
12053
3756
556
12281
10092
9449
12536
6615
4865
6753
12196
8489
1418
1462
9764
7749
3936
7395
10090
12635
8752
724
12748
12840
4069
13150
5203
10644
1335
970
13265
492
8685
6816
9580
12004
9696
10783
795
1700
2557
12377
7510
4991
4148
12380
11015
11011
8826
8825
1573
1572
13351
515
4112
7971
5703
964
7750
2346
2188
849
11423
4081
9849
2549
399
6044
12621
9085
6148
6178
6202
998
851
12135
4160
11042
1140
9888
2425
2421
4055
2093
3199
338
7914
12114
12678
11761
11374
8428
8427
8149
12037
5092
9904
1325
4567
2738
5452
3704
588
10369
10387
4736
13172
10615
4608
5924
12666
4464
4248
8352
10804
9076
11971
10143
6102
2124
5003
4660
12427
9936
4135
12309
10116
9021
213
8962
2356
1716
2547
8251
7607
12740
206
12203
4789
4525
278
352
11472
4385
7539
5033
11305
10248
7612
4374
4375
4376
7972
10035
1147
2891
4447
11853
5046
11771
5049
1148
9860
8731
8894
11647
2884
10631
3642
9975
10147
9891
8520
8305
9187
1917
12362
10561
2567
12250
9402
4606
7751
7154
7422
9697
8595
2743
7752
11447
9405
10466
11440
10019
11375
2159
3091
11751
4144
10553
2711
2620
8436
4147
4163
9881
5733
1091
13126
9797
7753
1578
2049
1206
8713
1569
10013
4848
1350
4668
3388
8188
12504
4268
3816
1146
718
215
10519
1094
2329
4387
2165
13059
11806
1379
8807
10137
3048
7244
11299
8253
7314
8369
9856
10893
10364
473
3940
11973
12537
835
2355
369
9348
2105
11249
7754
11939
12592
12606
5367
9207
5392
5414
3117
8744
10106
2348
13317
10834
11030
12095
428
11992
12784
11591
1143
11688
10859
9415
4945
3771
6573
10696
4718
4241
1144
4323
8034
808
12614
494
1145
9203
8036
12526
4923
12152
7973
9804
3345
5012
5949
12859
972
1519
12002
1142
1761
963
3283
10205
9497
714
6565
6627
8057
8059
7755
8215
2260
8071
5577
7979
7978
7977
4919
7976
5027
5042
3646
7449
13070
13060
9369
1149
1478
2273
3556
2686
1436
3510
4562
2289
9270
9958
3916
5629
7975
3279
8408
9005
10307
3652
9988
5910
3531
1583
11014
8153
257
6
3363
10304
11542
93
6425
6404
2072
7911
10858
4303
2668
8575
12226
8830
6786
12009
2192
95
4398
2288
8411
4753
10748
11870
1479
2336
7974
1600
7425
4356
8442
11360
8076
9031
2965
11404
11715
9445
9208
8017
7913
2595
11642
8554
6438
2888
2404
9823
6541
13313
9853
67
11586
12744
719
1341
7008
3997
8702
4000
3999
3998
7318
7756
7372
8759
10299
9910
2178
10839
4689
3182
5986
10010
3156
8526
1642
10032
1391
13046
12448
5204
4132
1540
11544
4647
4643
4646
4648
4644
4645
7760
4844
8190
7759
8197
7758
8191
4921
2701
4351
9384
100
12627
2492
13283
2403
4045
4396
9959
11830
5348
11828
10389
728
8762
2986
12673
1537
8214
4812
17
7757
12890
10743
8816
4993
8949
7761
4997
6105
3147
6150
2166
7762
6222
12206
3986
4690
7980
11719
12383
12202
4784
10845
8216
11323
10515
6883
6938
4817
965
7077
8447
10429
387
421
10868
9129
1568
210
7981
2733
8466
8070
479
9912
8018
233
3604
4930
2160
10944
9103
8168
944
10947
10948
9865
2662
2266
4952
668
3373
9364
2582
8087
7763
10655
115
8755
5327
97
442
9007
164
13144
5563
136
8941
6628
5055
4765
9451
5289
361
11156
9987
2524
468
8741
4862
8020
7926
10643
748
9483
12089
12816
8475
8581
8626
11208
1737
12767
8203
11091
409
11259
2062
8401
11224
7982
12474
1602
948
3865
10076
10751
6735
6778
10322
571
12994
3762
1053
30
1902
3971
10068
10978
11841
2270
9693
183
7922
7764
3469
8471
11901
3853
9338
10660
8544
8724
12289
11363
595
11902
3991
2340
1991
3497
12807
5385
1986
2089
5621
4618
1052
2744
9814
8318
9900
8462
606
9785
7916
558
4228
6406
12823
9017
3858
2017
2930
1151
8537
11410
1757
1348
2839
7349
461
3063
1807
10467
7498
13333
7552
10384
4461
12783
3202
5372
2536
1150
8532
10426
8043
7039
7405
7426
747
9071
3201
9484
13023
12700
9154
346
7930
4819
2029
4774
5632
76
4768
10837
2605
2142
13168
11529
11270
9864
11810
8222
10766
2234
7499
3856
10319
2818
11294
6958
11145
11972
10733
4861
7124
7145
7158
7216
9893
7235
7383
7406
6424
1683
4928
4527
508
506
9281
12739
7621
2282
12719
4569
7942
8024
4516
2242
2466
1297
4943
3449
5541
1915
4149
4805
4512
3119
9878
3059
4953
8025
10928
12565
4969
1581
3473
8104
2060
12480
1311
9009
1433
8108
9763
3641
8914
13229
11895
5509
9319
5533
12019
165
10934
11446
354
1105
4803
10497
10480
2485
274
10240
6023
11692
4185
1378
4778
11272
9055
10516
6366
11321
6518
7943
2237
9424
13024
3500
5234
6785
2691
4749
7096
9526
10714
3378
2254
7300
7317
7360
7341
7382
10335
12633
10213
1267
1245
4866
9553
3177
3533
11103
13257
9218
3965
2235
2236
9584
9275
3218
5465
5487
8861
5520
5542
3864
5597
2760
5628
9632
4280
5753
5765
4291
4293
5818
5930
3356
9140
578
8662
11604
6179
7910
2871
3835
1598
8498
2398
11269
10101
11431
2335
4178
4183
8109
424
6833
8406
3653
7134
9998
10454
9717
2363
2755
2854
9132
2238
13348
5094
4573
8292
4062
5417
10772
10683
11748
2179
176
7932
10188
12534
11195
9254
5939
2845
11747
6166
8463
1555
6530
6552
5429
9899
6721
11393
1688
1652
11123
12182
8937
1886
9604
7933
3989
4346
5466
877
2448
609
7469
4740
10984
7535
467
7551
12049
9541
13006
9725
252
2071
10941
2929
2928
4257
11930
10044
393
10058
1958
8534
414
3489
3008
9367
3515
3915
2779
6656
6668
6693
7934
6863
6914
12299
3194
12429
7200
13280
7257
10324
8859
8396
4998
9812
1426
2515
4354
2449
2451
5891
2450
5978
5997
6051
11537
6074
12918
4438
4474
10656
8078
3578
11319
7939
296
10609
4332
10735
1563
8132
4531
2863
4552
7186
12786
3569
4462
10374
5145
5191
5211
1295
12707
8809
5272
5291
9194
5386
13205
3329
12639
10292
1303
5900
8693
909
6052
1298
11209
180
2995
3857
9994
2359
98
11336
8757
3299
6025
9911
3376
12218
3033
477
10321
8374
11548
6482
12575
6553
7935
6872
59
2249
3492
13217
12244
323
6521
446
7028
10817
12577
2244
2245
9529
4863
9694
7362
7936
3487
7470
8050
7580
3306
5075
12926
3607
3611
5146
1710
10287
5292
5319
12224
4798
12222
10541
3334
2241
12756
3562
10737
11378
9397
6616
269
9046
3640
13192
6873
3457
2264
6930
2161
3148
2243
3115
10325
2240
13281
11409
3843
1296
7944
1727
8273
6649
1923
5255
6670
11706
9441
10943
11225
11072
11087
3419
5826
5863
2414
11944
12485
764
9195
6035
10815
11733
1608
6168
3937
1803
4511
171
4282
11377
13131
8490
5564
10625
483
2810
1240
11824
1354
13004
5950
11364
5964
5979
8384
9922
3205
6354
3153
6378
2680
6407
6426
6446
6466
6543
9410
8022
1243
10128
3540
9595
11510
4829
11809
6988
7040
7070
3015
7148
7168
7518
1747
10665
10727
4771
7274
4795
7329
11223
10792
12533
9064
1870
3619
7500
2027
7567
5159
9676
12496
5304
5328
5349
4854
9873
3421
7937
12301
722
7619
5837
4096
1787
1789
10771
3993
4372
3298
3371
9354
4872
6249
8237
10291
9228
23
6427
11443
3351
3265
12333
6834
6851
6874
6895
6917
6940
13290
10485
7308
7330
4889
5488
4783
8448
5552
2239
8546
5009
5693
11282
3146
2844
1409
5932
9691
2745
10700
10649
616
12636
3098
6554
8511
415
6606
4502
3012
6852
6989
7009
7029
4990
607
3716
8348
10074
1725
7342
7480
8545
7501
8725
5600
12290
5634
1525
10535
7113
7159
2013
7275
7301
7321
7343
2653
3852
12897
5205
13103
12294
5305
727
675
5431
5489
11778
104
1822
10546
8876
1448
10481
6395
6661
6695
6811
6909
1497
3761
10779
1293
329
7938
7125
7322
7237
7471
7481
307
11611
2246
4549
4040
10811
11922
12778
2248
3620
4490
10339
8094
11931
8946
8225
5615
8103
5662
9318
12323
5787
12454
5808
5941
4818
5827
6088
2734
6545
6736
6826
6107
7089
12681
7217
4834
2247
9947
4115
12123
8792
1301
6204
4764
7940
5736
5754
5766
5798
2005
12034
11566
789
3899
6224
13091
9092
12617
12370
12111
2387
103
4878
4869
10272
4036
12398
2454
2573
11090
1979
8023
471
1663
7238
3805
7941
8492
1389
4427
8718
8892
1660
12538
9806
1443
3204
3730
5187
5206
13306
5329
5351
5397
6501
11749
8221
11582
5758
11606
11607
10120
10202
12443
3339
3744
13193
9646
8552
