1 2253820
2 2253820
3 2253808
4 2253820
5 2253820
6 2253808
7 2253820
8 2252216
9 2253808
10 2253820
11 2252156
12 2253808
13 2253808
14 2253808
15 2253808
16 2253808
17 2253820
18 2253808
19 2253820
20 2216952
21 2253820
22 2253820
23 2253820
24 2253808
25 2253808
26 2253808
27 2253808
28 2253820
29 2253820
30 2253820
31 2253820
32 2253808
33 2253820
34 2253820
35 2253820
36 2253820
37 2253820
38 2253820
39 2253808
40 2253820
41 2252156
42 2247056
43 2248732
44 2253808
45 2253820
46 2247984
47 2253808
48 2253808
49 2248988
50 2253820
51 2253808
52 2253808
53 2253808
54 2253820
55 2252120
56 2253808
57 2253820
58 2253820
59 2253820
60 2253820
61 2253820
62 2252164
63 2246768
64 2253820
65 2253820
66 2253808
67 2250948
68 2253808
69 2253808
70 2253820
71 2253820
72 2253808
73 2253820
74 2253808
75 2246864
76 2252124
77 2248724
78 2252176
79 2253820
80 2251472
81 2251384
82 2248768
83 2252172
84 2251428
85 2252124
86 2252136
87 2252192
88 2252136
89 2252176
90 2251440
91 2252200
92 2252148
93 2251396
94 2248692
95 2252132
96 2248732
97 2248768
98 2250752
99 2253808
100 2251384
