1 92095348
2 92087820
3 92086224
4 92091800
5 92093672
6 92092368
7 92095848
8 92052004
9 92101568
10 92034624
11 92089148
12 92096884
13 91758280
14 92069816
15 92123088
16 92072560
17 92094176
18 92096680
19 92095156
20 92090160
21 92094648
22 92087464
23 92087352
24 92093800
25 92104156
26 92089748
27 92091756
28 92085692
29 92093124
30 92104432
31 92107056
32 92095948
33 92062788
34 92092928
35 92075480
36 92105504
37 92093164
38 92107012
39 92054820
40 92071360
41 92077324
42 92094844
43 91725568
44 92102904
45 92110784
46 92105364
47 92083912
48 92091360
49 92084040
50 92094980
51 92088456
52 91921044
53 92086616
54 92095296
55 92067812
56 92098908
57 92093776
58 92102408
59 92107572
60 92100100
61 92073588
62 92092364
63 92075276
64 92092608
65 92088180
66 92099296
67 92071356
68 92098100
69 92094676
70 92065064
71 90690924
72 92104432
73 92096352
74 92095672
75 92076272
76 91453284
77 92096912
78 91497620
79 92107972
80 90689172
81 14424896
82 92097184
83 19864240
84 26607352
