1 110218212
2 110218212
3 110952264
4 110169780
5 110903004
6 110169660
7 110120724
8 111392520
9 110169552
10 110169348
11 110903076
12 110169576
13 111245748
14 105473400
15 110903064
16 110120772
17 110952228
18 105081816
19 110169660
20 110169636
21 110169708
22 111000252
23 110169708
24 110903076
25 110267052
26 110267568
27 110267232
28 105471360
29 110166504
30 110266836
31 110169684
32 110893560
33 110896464
34 111385200
35 110120580
36 110169708
37 111392376
38 110169696
39 110903100
40 110218260
41 111196608
42 108849936
43 111147744
44 110902980
45 110169636
46 110169660
47 110267472
48 110120808
49 110169252
50 111245748
51 109045584
52 110218212
53 111147744
54 110169504
55 110218164
56 105082008
57 108752184
58 110071848
59 108996696
60 110756772
61 110169660
62 110071896
63 105081900
64 111147672
65 110218164
66 110169288
67 110952240
68 111098784
69 110218236
70 110218056
71 110169660
72 111490248
73 110756616
74 110903124
75 110903100
76 110169972
77 111196296
78 110902992
79 110903040
80 110218236
81 110902932
82 110168736
83 110903052
84 110169348
85 110902824
86 110903052
87 110169912
88 110169324
89 110902920
90 110903028
91 110952300
92 110805804
93 110169300
94 111147516
95 110072004
96 109045584
97 110169048
98 110267508
99 110218236
100 110902992
